       TW 1
0         !
1     WRITE
2    READLN
3       END
4     BEGIN
5       VAR
6      TRUE
7       DIM
8        TO
9    DOUBLE
10     READ
11      FOR
12  PROGRAM
13       DO
14     THEN
15       IF
16        $
17    WHILE
18    FALSE
19     ELSE
20        %
    TL 2
0      (
1      !
2    DIV
3     EQ
4     NE
5      ;
6    AND
7     AS
8      :
9      +
10     ,
11    GE
12     –
13    GT
14    LT
15     )
16    (*
17     ~
18  PLUS
19     .
20     =
21   MIN
22     $
23  MULT
24    *)
25     %
26    OR
27    LE
28    \n
29    :=
   TN 3
0  5E-6
1  -228
2    13
3    3F
  TI 4
0    q
1    v
2    c
3    m
4    a
5    x
6    e
7    b
8    s
(1,7)
(4,4)
(1,9)
(2,28)
(1,7)
(4,7)
(1,9)
(2,28)
(2,16)
(2,9)
(2,24)
(2,28)
(1,7)
(4,5)
(1,9)
(2,28)
(1,7)
(4,3)
(1,9)
(2,28)
(1,7)
(4,6)
(1,9)
(2,28)
(1,7)
(4,2)
(1,9)
(2,28)
(1,7)
(4,8)
(1,9)
(2,28)
(1,7)
(4,0)
(1,9)
(2,28)
(1,7)
(4,1)
(1,9)
(2,28)
(1,2)
(2,0)
(4,5)
(2,15)
(2,28)
(1,2)
(2,0)
(4,6)
(2,15)
(2,28)
(4,2)
(2,29)
(3,1)
(2,28)
(4,8)
(2,29)
(3,3)
(2,28)
(4,0)
(2,20)
(3,0)
(2,28)
(4,1)
(2,29)
(3,2)
